         200
 1800      0.0912      0.0000      0.5790      1.9160      1.0901      0.4079      0.1953      0.2799     59.0721      0.3579       190
 1801      0.4756      0.0000      0.0000      3.0310      1.0897      0.9248      0.2800      0.2800     92.9671      0.8367       187
 1802      1.2512      0.0000      0.0000      3.9650      2.3892      2.6525      0.2800      0.2800     86.5144      1.1079        89
 1803      3.3479      0.0000      0.0000      5.2120      3.1771      4.6365      0.2800      0.2800    125.2406      1.4581        66
 1804      6.7218      0.0000      0.0000      6.3250      4.5308      8.0241      0.2800      0.2800    119.8442      1.7704        45
 1805     12.1691      0.0000      0.0000      7.4580      6.0115     12.5535      0.2800      0.2800    128.7362      2.0878        44
 1806     20.1161      0.0000      0.0000      8.5750      7.8318     18.8041      0.2800      0.2800    132.8068      2.3813        33
 1807     31.2539      0.0000      0.0000      9.6910      9.9622     27.0323      0.2800      0.2800    137.9994      2.6535        22
 1808     46.2506      0.0000      0.0000     10.8050     11.5026     34.8000      0.2800      0.2800    142.6315      2.9953        19
 1809     64.3611      0.0000      0.0000     11.8440     13.3532     44.2836      0.2800      0.2800    136.9725      3.2984        16
 1810     86.0924      0.0000      0.0000     12.8400     14.8480     53.3815      0.2800      0.2800    134.8901      3.5111        14
 1811    110.9014      0.0534      0.0000     13.7760      0.0000      0.0001      0.2800      0.2800    129.5201      3.6569        13
 1812    109.8320      0.0534      9.9620     13.7390     14.3192     15.1439      0.0770      0.2800     -5.1768      3.4962        13
 1813    176.3718      0.0074      0.0000     15.6700     12.4948     54.8221      0.2800      0.2800    155.2319      3.6922        12
 1814    197.6068      0.0074      3.7400     16.1730     27.9723     97.3821      0.2153      0.2800     73.4450      4.1437        11
 1815    243.4233      0.0074      3.3320     17.1370     29.5976    114.4061      0.2256      0.2800    142.8081      4.3043        10
 1816    293.4082      0.0074      0.1260     18.0490     26.3015    131.9900      0.2780      0.2800    137.3625      3.6867         7
 1817    340.5286      0.0948      0.0000     18.8110      7.1138     37.4690      0.2800      0.2800    116.3773      3.6723         5
 1818    490.5961      0.0000      7.5510     20.8190     54.3713    201.9904      0.1784      0.2800    157.7729      3.9725         4
 1819    580.7440      0.0000      8.4280     21.8170     60.8588    228.1632      0.1718      0.2800    159.2755      3.9137         4
 1820    681.7322      0.0000      9.3110     22.8110     67.7721    256.1755      0.1657      0.2800    160.6441      3.8149         3
 1821    794.0715      0.0000     10.1990     23.7980     75.1122    286.0130      0.1600      0.2800    161.7193      4.2578         3
 1822    918.4803      0.0000     11.0900     24.7790     82.8925    317.7178      0.1547      0.2800    162.8402      4.3358         3
 1823   1055.7032      0.0000     11.9840     25.7560     91.1079    351.3333      0.1497      0.2800    164.0052      4.1228         3
 1824   1206.3552      0.0000     12.8790     26.7280     99.7704    386.8687      0.1451      0.2800    165.0473      3.8762         3
 1825   1371.2300      0.0000     13.7760     27.6960    108.8806    424.3730      0.1407      0.2800    166.1622      4.2352         2
 1826   1550.9222      0.0000     14.6740     28.6600    118.4485    463.8475      0.1366      0.2800    167.1371      4.6052         2
 1827   1746.0984      0.0000     15.4330     29.6190    127.2151    505.3094      0.1341      0.2800    168.0589      4.9663         2
 1828   1956.1343      0.0000     16.0570     30.5680    135.0036    548.5139      0.1329      0.2800    167.9364      5.0217         2
 1829   2179.5615      0.0000     16.5650     31.5000    141.8237    593.0803      0.1328      0.2800    166.4352      5.0054         2
 1830   2415.3813      0.0000     16.9630     32.4120    147.6638    638.7623      0.1335      0.2800    164.2296      5.0290         2
 1831   2662.0159      0.0000     17.2680     33.2990    152.6553    685.2320      0.1348      0.2800    161.1400      5.0863         2
 1832   2918.2380      0.0000     17.4960     34.1600    156.9364    732.2578      0.1366      0.2800    157.5959      5.1713         2
 1833   3182.6277      0.0000     17.6590     34.9930    160.6265    779.5945      0.1387      0.2800    153.6056      5.2786         2
 1834   3454.5505      0.0000     17.7650     35.7980    163.8209    827.1537      0.1410      0.2800    149.6986      5.4044         2
 1835   3732.4160      0.0000     17.8250     36.5760    166.6018    874.6892      0.1435      0.2800    145.3817      5.5446         2
 1836   4015.3816      0.0000     17.8410     37.3260    169.0161    922.0972      0.1462      0.2800    141.1080      5.6970         2
 1837   4302.5146      0.0000     17.8210     38.0490    171.1285    969.2638      0.1489      0.2800    136.8326      5.8587         2
 1838   4593.1567      0.0000     17.7660     38.7460    172.9751   1016.1241      0.1516      0.2800    132.6853      6.0283         2
 1839   4886.8237      0.0000     17.6810     39.4180    174.5965   1062.6428      0.1544      0.2800    128.7246      6.2040         2
 1840   5182.5054      0.0000     17.5710     40.0670    176.0153   1108.7024      0.1572      0.2800    124.7066      6.3846         2
 1841   5479.9678      0.0000     17.4360     40.6930    177.2573   1154.3083      0.1600      0.2800    120.9509      6.5690         2
 1842   5778.6089      0.0000     17.2790     41.2970    178.3503   1199.4082      0.1628      0.2800    117.2811      6.7562         2
 1843   6077.7827      0.0000     17.1040     41.8800    179.3153   1243.9438      0.1656      0.2800    113.6690      6.9450         2
 1844   6377.2129      0.0236     17.3960     42.4430    180.1651   1263.5188      0.1652      0.2800    110.2418      7.0131         2
 1845   6675.5024      0.0611     17.9380     42.9850    180.9129   1268.7633      0.1632      0.2800    106.5803      7.0131         2
 1846   6972.2134      0.0989     18.4600     43.5070    181.5768   1273.4192      0.1612      0.2800    103.0391      7.0131         2
 1847   7267.8550      0.1367     18.9650     44.0120    182.1577   1277.4927      0.1593      0.2800     99.9176      7.0131         2
 1848   7561.4536      0.1742     19.4520     44.4990    182.6653   1281.0529      0.1576      0.2800     96.6889      7.0131         2
 1849   7852.9346      0.2113     19.9220     44.9690    183.1300   1284.3118      0.1560      0.2800     93.6472      7.0131         2
 1850   8143.0469      0.2483     20.3770     45.4240    183.5315   1287.1277      0.1544      0.2800     91.0276      7.0131         2
 1851   8430.8223      0.2850     20.8170     45.8640    183.8742   1289.5314      0.1529      0.2800     88.2697      7.0131         2
 1852   8716.9258      0.3213     21.2440     46.2910    184.1821   1291.6907      0.1515      0.2800     85.8688      7.0131         2
 1853   9000.4414      0.3571     21.6570     46.7040    184.4673   1293.6906      0.1502      0.2800     83.3338      7.0131         2
 1854   9281.3301      0.3923     22.0580     47.1050    184.7286   1295.5228      0.1489      0.2800     80.9234      7.0131         2
 1855   9559.8965      0.4273     22.4460     47.4930    184.9521   1297.0905      0.1477      0.2800     78.7234      7.0131         2
 1856   9835.7803      0.4618     22.8230     47.8700    185.1399   1298.4075      0.1465      0.2800     76.5347      7.0131         2
 1857  10110.0645      0.4961     23.1900     48.2370    185.2943   1299.4902      0.1454      0.2800     74.7424      7.0131         2
 1858  10381.9355      0.5299     23.5470     48.5940    185.4281   1300.4290      0.1443      0.2800     72.8166      7.0131         2
 1859  10651.4746      0.5633     23.8940     48.9410    185.5508   1301.2896      0.1433      0.2800     70.9999      7.0131         2
 1860  10918.3652      0.5962     24.2310     49.2780    185.6646   1302.0876      0.1423      0.2800     69.1801      7.0131         2
 1861  11182.5029      0.6286     24.5600     49.6070    185.7696   1302.8239      0.1414      0.2800     67.4105      7.0131         2
 1862  11444.1426      0.6605     24.8790     49.9260    185.8650   1303.4928      0.1405      0.2800     65.7779      7.0131         2
 1863  11703.4551      0.6919     25.1910     50.2380    185.9522   1304.1044      0.1396      0.2800     64.2508      7.0131         2
 1864  11960.1816      0.7229     25.4950     50.5420    186.0327   1304.6688      0.1388      0.2800     62.7208      7.0131         2
 1865  12214.8457      0.7535     25.7910     50.8380    186.1071   1305.1904      0.1380      0.2800     61.3725      7.0131         2
 1866  12467.4756      0.7838     26.0810     51.1280    186.1746   1305.6641      0.1372      0.2800     60.0797      7.0131         2
 1867  12717.7178      0.8136     26.3640     51.4110    186.2362   1306.0963      0.1364      0.2800     58.7505      7.0131         2
 1868  12965.1572      0.8429     26.6400     51.6870    186.2913   1306.4825      0.1357      0.2800     57.3707      7.0131         2
 1869  13210.0117      0.8718     26.9090     51.9560    186.3418   1306.8365      0.1350      0.2800     56.0862      7.0131         2
 1870  13452.3213      0.9003     27.1720     52.2190    186.3869   1307.1532      0.1343      0.2800     54.8536      7.0131         2
 1871  13692.9766      0.9286     27.4300     52.4770    186.4249   1307.4196      0.1336      0.2800     53.8582      7.0131         2
 1872  13931.3311      0.9564     27.6820     52.7290    186.4579   1307.6505      0.1330      0.2800     52.7495      7.0131         2
 1873  14167.5625      0.9839     27.9290     52.9760    186.4849   1307.8403      0.1324      0.2800     51.7142      7.0131         2
 1874  14401.7705      1.0111     28.1700     53.2170    186.5057   1307.9861      0.1318      0.2800     50.7307      7.0131         2
 1875  14633.2520      1.0378     28.4070     53.4540    186.5235   1308.1111      0.1312      0.2800     49.6244      7.0131         2
 1876  14861.9941      1.0642     28.6370     53.6840    186.5368   1308.2043      0.1306      0.2800     48.5468      7.0131         2
 1877  15088.5361      1.0902     28.8630     53.9100    186.5472   1308.2772      0.1301      0.2800     47.6116      7.0131         2
 1878  15313.2510      1.1159     29.0850     54.1320    186.5551   1308.3324      0.1296      0.2800     46.7783      7.0131         2
 1879  15535.6738      1.1413     29.3020     54.3490    186.5626   1308.3854      0.1290      0.2800     45.8717      7.0131         2
 1880  15755.9043      1.1663     29.5150     54.5620    186.5686   1308.4274      0.1285      0.2800     45.0081      7.0131         2
 1881  15974.4629      1.1910     29.7240     54.7710    186.5755   1308.4760      0.1280      0.2800     44.2708      7.0131         2
 1882  16190.6289      1.2154     29.9290     54.9760    186.5788   1308.4987      0.1276      0.2800     43.4071      7.0131         2
 1883  16404.2109      1.2394     30.1300     55.1770    186.5809   1308.5134      0.1271      0.2800     42.5261      7.0131         2
 1884  16615.3555      1.2630     30.3260     55.3730    186.5820   1308.5215      0.1267      0.2800     41.6940      7.0131         2
 1885  16824.4492      1.2864     30.5190     55.5660    186.5842   1308.5367      0.1262      0.2800     40.9573      7.0131         2
 1886  17031.6387      1.3094     30.7080     55.7550    186.5858   1308.5475      0.1258      0.2800     40.2647      7.0131         2
 1887  17236.9297      1.3322     30.8940     55.9410    186.5871   1308.5566      0.1254      0.2800     39.5882      7.0131         2
 1888  17440.7188      1.3547     31.0770     56.1240    186.5878   1308.5620      0.1250      0.2800     39.0017      7.0131         2
 1889  17642.6094      1.3769     31.2560     56.3030    186.5889   1308.5698      0.1246      0.2800     38.3520      7.0131         2
 1890  17842.5801      1.3989     31.4330     56.4800    186.5890   1308.5703      0.1242      0.2800     37.7125      7.0131         2
 1891  18040.8398      1.4206     31.6060     56.6530    186.5902   1308.5789      0.1238      0.2800     37.1242      7.0131         2
 1892  18236.9004      1.4420     31.7770     56.8240    186.5906   1308.5818      0.1234      0.2800     36.4566      7.0131         2
 1893  18431.4355      1.4632     31.9440     56.9910    186.5912   1308.5856      0.1231      0.2800     35.9267      7.0131         2
 1894  18623.8906      1.4840     32.1090     57.1560    186.5922   1308.5930      0.1227      0.2800     35.3044      7.0131         2
 1895  18813.9219      1.5046     32.2700     57.3170    186.5919   1308.5908      0.1224      0.2800     34.6321      7.0131         2
 1896  19001.5957      1.5249     32.4290     57.4760    186.5919   1308.5907      0.1220      0.2800     33.9836      7.0131         2
 1897  19186.7617      1.5448     32.5840     57.6310    186.5926   1308.5956      0.1217      0.2800     33.3208      7.0131         2
 1898  19369.6973      1.5644     32.7360     57.7830    186.5916   1308.5887      0.1214      0.2800     32.7176      7.0131         2
 1899  19551.0410      1.5838     32.8850     57.9320    186.5917   1308.5895      0.1211      0.2800     32.2384      7.0131         2
 1900  19730.5840      1.6030     33.0330     58.0800    186.5919   1308.5903      0.1207      0.2800     31.7311      7.0131         2
 1901  19908.3066      1.6219     33.1780     58.2250    186.5926   1308.5958      0.1204      0.2800     31.2281      7.0131         2
 1902  20084.3164      1.6406     33.3200     58.3670    186.5918   1308.5900      0.1202      0.2800     30.7524      7.0131         2
 1903  20258.7266      1.6591     33.4600     58.5070    186.5921   1308.5923      0.1199      0.2800     30.3030      7.0131         2
 1904  20431.8047      1.6774     33.5990     58.6460    186.5930   1308.5980      0.1196      0.2800     29.9072      7.0131         2
 1905  20603.3496      1.6955     33.7350     58.7820    186.5928   1308.5967      0.1193      0.2800     29.4834      6.9973         2
 1906  20773.4941      1.7189     33.8700     58.9170    185.8026   1303.0549      0.1190      0.2800     29.0877      6.9537         2
 1907  20940.4590      1.7420     34.0010     59.0480    185.0108   1297.5024      0.1188      0.2800     28.3974      6.9100         2
 1908  21104.4863      1.7647     34.1290     59.1760    184.2176   1291.9395      0.1185      0.2800     27.7561      6.8663         2
 1909  21265.6133      1.7871     34.2540     59.3010    183.4228   1286.3652      0.1183      0.2800     27.1326      6.8225         2
 1910  21423.4902      1.8092     34.3760     59.4230    182.6264   1280.7800      0.1180      0.2800     26.4573      6.7786         2
 1911  21577.1934      1.8308     34.4940     59.5410    181.8284   1275.1838      0.1178      0.2800     25.6389      6.7346         2
 1912  21726.7188      1.8519     34.6080     59.6550    181.0289   1269.5764      0.1176      0.2800     24.8301      6.6905         2
 1913  21873.5996      1.8728     34.7200     59.7670    180.2277   1263.9575      0.1173      0.2800     24.2853      6.6463         2
 1914  22017.5938      1.8933     34.8290     59.8760    179.4249   1258.3275      0.1171      0.2800     23.7066      6.6020         2
 1915  22158.8340      1.9136     34.9350     59.9820    178.6204   1252.6858      0.1169      0.2800     23.1576      6.5577         2
 1916  22297.6113      1.9336     35.0390     60.0860    177.8143   1247.0325      0.1167      0.2800     22.6617      6.5133         2
 1917  22432.9961      1.9532     35.1410     60.1880    177.0066   1241.3677      0.1165      0.2800     22.0215      6.4687         2
 1918  22565.4258      1.9725     35.2390     60.2860    176.1971   1235.6907      0.1163      0.2800     21.4589      6.4241         2
 1919  22695.2480      1.9915     35.3350     60.3820    175.3860   1230.0021      0.1161      0.2800     20.9582      6.3794         2
 1920  22822.0938      2.0102     35.4290     60.4760    174.5731   1224.3011      0.1160      0.2800     20.4027      6.3346         2
 1921  22945.8574      2.0286     35.5200     60.5670    173.7585   1218.5883      0.1158      0.2800     19.8388      6.2897         2
 1922  23067.0723      2.0467     35.6080     60.6550    172.9421   1212.8629      0.1156      0.2800     19.3644      6.2448         2
 1923  23184.6523      2.0644     35.6940     60.7410    172.1239   1207.1252      0.1155      0.2800     18.7206      6.1997         2
 1924  23299.5469      2.0819     35.7770     60.8240    171.3041   1201.3752      0.1153      0.2800     18.2354      6.1545         2
 1925  23411.3535      2.0990     35.8580     60.9050    170.4823   1195.6123      0.1151      0.2800     17.6883      6.1092         2
 1926  23520.7285      2.1159     35.9370     60.9840    169.6588   1189.8367      0.1150      0.2800     17.2532      6.0639         2
 1927  23627.1895      2.1325     36.0140     61.0610    168.8334   1184.0485      0.1149      0.2800     16.7441      6.0184         2
 1928  23731.2969      2.1489     36.0880     61.1350    168.0062   1178.2471      0.1147      0.2800     16.3281      5.9729         2
 1929  23832.7012      2.1649     36.1610     61.2080    167.1771   1172.4325      0.1146      0.2800     15.8584      5.9264         2
 1930  23931.3379      2.1810     36.2310     61.2780    166.3069   1166.3293      0.1144      0.2800     15.3852      5.8754         2
 1931  24027.4805      2.1979     36.2990     61.3460    165.2784   1159.1167      0.1143      0.2800     14.9572      5.8185         2
 1932  24119.9941      2.2146     36.3650     61.4120    164.2339   1151.7914      0.1142      0.2800     14.3576      5.7609         2
 1933  24209.6289      2.2310     36.4280     61.4750    163.1863   1144.4447      0.1141      0.2800     13.8772      5.7222         1
 1934  24295.9590      2.2470     36.4890     61.5360    162.1357   1137.0760      0.1140      0.2800     13.3324      5.6854         1
 1935  24380.7188      2.2470     41.1360     61.5950    200.0000   1145.7234      0.0930      0.2800     13.0618      5.7286         1
 1936  24527.1211      2.2470     40.9760     61.6980    200.0000   1160.4266      0.0940      0.2800     22.4936      5.8021         1
 1937  24672.9766      2.2470     40.8170     61.8000    200.0000   1175.0503      0.0951      0.2800     22.3243      5.8753         1
 1938  24818.6582      2.2470     40.6580     61.9010    200.0000   1189.6329      0.0961      0.2800     22.2135      5.9482         1
 1939  24963.5508      2.2470     40.4990     62.0010    200.0000   1204.1130      0.0971      0.2800     22.0108      6.0206         1
 1940  25107.7246      2.2470     40.3410     62.1000    200.0000   1218.4973      0.0981      0.2800     21.8201      6.0925         1
 1941  25251.6172      2.2470     40.1840     62.1990    200.0000   1232.8313      0.0991      0.2800     21.6985      6.1642         1
 1942  25394.5332      2.2470     40.0270     62.2960    200.0000   1247.0458      0.1001      0.2800     21.4732      6.2352         1
 1943  25536.8184      2.2470     39.8720     62.3930    200.0000   1261.1752      0.1011      0.2800     21.3015      6.3059         1
 1944  25678.6289      2.2470     39.7170     62.4890    200.0000   1275.2355      0.1020      0.2800     21.1549      6.3762         1
 1945  25819.3535      2.2470     39.5630     62.5840    200.0000   1289.1669      0.1030      0.2800     20.9200      6.4458         1
 1946  25959.6953      2.2470     39.4090     62.6780    200.0000   1303.0388      0.1039      0.2800     20.7889      6.5152         1
 1947  26099.2734      2.2470     39.2570     62.7720    200.0000   1316.8158      0.1049      0.2800     20.6065      6.5841         1
 1948  26237.9707      2.2470     39.1050     62.8640    200.0000   1330.4849      0.1058      0.2800     20.4062      6.6524         1
 1949  26375.7598      2.2470     38.9550     62.9560    200.0000   1344.0452      0.1067      0.2800     20.2048      6.7202         1
 1950  26513.2539      2.2470     38.8050     63.0470    200.0000   1357.5564      0.1077      0.2800     20.0939      6.7878         1
 1951  26649.6934      2.2470     38.6560     63.1370    200.0000   1370.9457      0.1086      0.2800     19.8758      6.8547         1
 1952  26785.6035      2.2470     38.5070     63.2260    200.0000   1384.2633      0.1095      0.2800     19.7327      6.9213         1
 1953  26920.5508      2.2470     38.3590     63.3140    200.0000   1397.4672      0.1104      0.2800     19.5289      6.9873         1
 1954  27054.7754      2.2549     38.3550     63.4020    200.0000   1402.6232      0.1106      0.2800     19.3632      7.0131         1
 1955  27188.0645      2.2679     38.4410     63.4880    200.0000   1402.6232      0.1105      0.2800     19.1689      7.0131         1
 1956  27320.0898      2.2808     38.5270     63.5740    200.0000   1402.6232      0.1103      0.2800     18.9257      7.0131         1
 1957  27451.0527      2.2935     38.6110     63.6580    200.0000   1402.6232      0.1102      0.2800     18.7171      7.0131         1
 1958  27580.7051      2.3061     38.6950     63.7420    200.0000   1402.6232      0.1100      0.2800     18.4739      7.0131         1
 1959  27709.4688      2.3186     38.7770     63.8240    200.0000   1402.6232      0.1099      0.2800     18.2927      7.0131         1
 1960  27837.3672      2.3310     38.8590     63.9060    200.0000   1402.6232      0.1097      0.2800     18.1150      7.0131         1
 1961  27963.1602      2.3432     38.9390     63.9860    200.0000   1402.6232      0.1096      0.2800     17.7658      7.0131         1
 1962  28087.4160      2.3552     39.0180     64.0650    200.0000   1402.6232      0.1095      0.2800     17.4987      7.0131         1
 1963  28210.5547      2.3671     39.0960     64.1430    200.0000   1402.6232      0.1093      0.2800     17.2913      7.0131         1
 1964  28332.0840      2.3788     39.1720     64.2190    200.0000   1402.6232      0.1092      0.2800     17.0195      7.0131         1
 1965  28452.0332      2.3904     39.2480     64.2950    200.0000   1402.6232      0.1091      0.2800     16.7525      7.0131         1
 1966  28570.4297      2.4018     39.3220     64.3690    200.0000   1402.6232      0.1090      0.2800     16.4902      7.0131         1
 1967  28687.7422      2.4131     39.3950     64.4420    200.0000   1402.6232      0.1088      0.2800     16.2971      7.0131         1
 1968  28803.6387      2.4242     39.4670     64.5140    200.0000   1402.6232      0.1087      0.2800     16.0587      7.0131         1
 1969  28917.7637      2.4352     39.5380     64.5850    200.0000   1402.6232      0.1086      0.2800     15.7738      7.0131         1
 1970  29030.3398      2.4459     39.6080     64.6550    200.0000   1402.6232      0.1085      0.2800     15.5187      7.0131         1
 1971  29142.1660      2.4566     39.6770     64.7240    200.0000   1402.6232      0.1084      0.2800     15.3792      7.0131         1
 1972  29252.5332      2.4672     39.7450     64.7920    200.0000   1402.6232      0.1082      0.2800     15.1408      7.0131         1
 1973  29361.9766      2.4776     39.8120     64.8590    200.0000   1402.6232      0.1081      0.2800     14.9786      7.0131         1
 1974  29470.4082      2.4880     39.8790     64.9260    200.0000   1402.6232      0.1080      0.2800     14.8034      7.0131         1
 1975  29577.8535      2.4982     39.9440     64.9910    200.0000   1402.6232      0.1079      0.2800     14.6365      7.0131         1
 1976  29684.6172      2.5084     40.0090     65.0560    200.0000   1402.6232      0.1078      0.2800     14.5090      7.0131         1
 1977  29790.3301      2.5185     40.0730     65.1200    200.0000   1402.6232      0.1077      0.2800     14.3337      7.0131         1
 1978  29895.3145      2.5284     40.1370     65.1840    200.0000   1402.6232      0.1076      0.2800     14.2026      7.0131         1
 1979  29999.3926      2.5383     40.2000     65.2470    200.0000   1402.6232      0.1075      0.2800     14.0488      7.0131         1
 1980  30102.6543      2.5481     40.2620     65.3090    200.0000   1402.6232      0.1074      0.2800     13.9070      7.0131         1
 1981  30205.0234      2.5578     40.3240     65.3710    200.0000   1402.6232      0.1073      0.2800     13.7579      7.0131         1
 1982  30306.6387      2.5674     40.3850     65.4320    200.0000   1402.6232      0.1072      0.2800     13.6268      7.0131         1
 1983  30407.1484      2.5769     40.4450     65.4920    200.0000   1402.6232      0.1071      0.2800     13.4492      7.0131         1
 1984  30506.9180      2.5864     40.5050     65.5520    200.0000   1402.6232      0.1070      0.2800     13.3228      7.0131         1
 1985  30605.8262      2.5957     40.5640     65.6110    200.0000   1402.6232      0.1069      0.2800     13.1810      7.0131         1
 1986  30704.0391      2.6050     40.6220     65.6690    200.0000   1402.6232      0.1068      0.2800     13.0594      7.0131         1
 1987  30801.4062      2.6141     40.6800     65.7270    200.0000   1402.6232      0.1067      0.2800     12.9223      7.0131         1
 1988  30897.5371      2.6232     40.7370     65.7840    200.0000   1402.6232      0.1066      0.2800     12.7327      7.0131         1
 1989  30993.2598      2.6322     40.7930     65.8400    200.0000   1402.6232      0.1065      0.2800     12.6529      7.0131         1
 1990  31088.1797      2.6411     40.8490     65.8960    200.0000   1402.6232      0.1064      0.2800     12.5217      7.0131         1
 1991  31182.2285      2.6500     40.9050     65.9520    200.0000   1402.6232      0.1063      0.2800     12.3835      7.0131         1
 1992  31275.2227      2.6587     40.9590     66.0060    200.0000   1402.6232      0.1062      0.2800     12.2213      7.0131         1
 1993  31367.1621      2.6673     41.0130     66.0600    200.0000   1402.6232      0.1062      0.2800     12.0592      7.0131         1
 1994  31457.6816      2.6758     41.0660     66.1130    200.0000   1402.6232      0.1061      0.2800     11.8518      7.0131         1
 1995  31547.4141      2.6842     41.1180     66.1650    200.0000   1402.6232      0.1060      0.2800     11.7266      7.0131         1
 1996  31636.0312      2.6925     41.1700     66.2170    200.0000   1402.6232      0.1059      0.2800     11.5597      7.0131         1
 1997  31723.5137      2.7007     41.2210     66.2680    200.0000   1402.6232      0.1058      0.2800     11.3916      7.0131         1
 1998  31809.8086      2.7087     41.2710     66.3180    200.0000   1402.6232      0.1057      0.2800     11.2188      7.0131         1
 1999  31895.0078      2.7167     41.3200     66.3670    200.0000   1402.6232      0.1057      0.2800     11.0555      7.0131         1
