 8
         100
      JYEAR NPP_ann_acc   Acrown(1)      rwidth         LAI   Aheart(1)  ib(1)    H(1)
   1800      0.1323      1.7369      6.2587      1.0477      0.0000      0      1.9609
   1801      0.6549      2.4383      9.0421      3.4659      0.0000      0      3.0417
   1802      1.1930      3.4741     11.2237      6.4020      0.0000      0      4.2393
   1803      1.3954      4.8594     12.6391      8.1113      0.0000      0      5.4755
   1804      1.4615      6.5931     13.4850      7.2350      0.0000      0      6.7075
   1805      1.5421      8.6701     13.9855      6.8201      0.0000      0      7.9169
   1806      1.7811      9.5256     14.3066      6.8135      0.0000      0      9.0989
   1807      1.6319     13.2399     13.6315      6.5867      0.0000      0     10.1836
   1808      1.5995     13.2287     14.4738      6.5769      0.0000      0     11.2985
   1809      1.7695     13.0977     13.1809      6.7713      0.0000      0     12.2857
   1810      1.9666     12.8706     11.8378      6.7935      0.0000      0     13.1524
   1811      1.9105     12.2777      6.6691      7.0459      0.0000      0     13.6331
   1812      1.6940     11.4392      1.5782      6.3179      0.0208    421     13.7461
   1813      1.7304     10.6913      0.8154      6.4937      0.0322    648     13.8044
   1814      1.7296     10.0457      0.3372      6.5140      0.0417    834     13.8285
   1815      1.7633      9.4778      0.0733      6.6918      0.0478    953     13.8337
   1816      1.7874      8.9755     -0.1125      6.8724      0.0533   1062     13.8257
   1817      1.8049      8.5278     -0.2570      7.0662      0.0582   1157     13.8073
   1818      1.8220     10.4550     -0.3792      7.0883      0.0624   1241     13.7802
   1819      1.8287      8.2384     -0.4524      7.2032      0.0653   1299     13.7479
   1820      1.8378     28.5681      8.5821      7.4997      0.0015     15     21.3510
   1821      1.8476     28.5682      8.0857      7.4863      0.0154    152     21.8558
   1822      1.8478     28.5678      7.6015      7.4712      0.0289    280     22.3273
   1823      2.1091     28.3702      7.1762      7.5929      0.0420    399     22.7696
   1824      2.0156     27.0359     -0.4880      6.3731      0.2110   1889     22.7396
   1825      2.0675     25.7792     -0.8167      6.6966      0.2252   2015     22.6894
   1826      2.1312     24.6213     -0.8678      7.0382      0.2374   2128     22.6360
   1827      2.1967     23.5418     -0.9909      7.3906      0.2484   2236     22.5750
   1828      2.2618     38.0989      7.4487      7.6910      0.0504    462     25.2887
   1829      1.7401     36.9182      0.3408      5.8092      0.1982   1535     25.3090
   1830      1.7217     35.7353     -0.4195      5.7013      0.2405   1841     25.2840
   1831      1.7302     34.6223     -0.6373      5.8666      0.2542   1941     25.2460
   1832      1.7393     33.5830     -0.7700      6.0365      0.2664   2030     25.2001
   1833      1.7438     32.6167     -0.8589      6.1134      0.2771   2110     25.1489
   1834      1.7391     31.7265     -0.9068      6.2217      0.2836   2158     25.0948
   1835      1.7346     30.9082     -0.9232      6.3385      0.2890   2201     25.0397
   1836      1.7247     30.1439     -1.0473      6.0032      0.2998   2288     24.9771
   1837      1.7251     29.4338     -1.0533      5.8490      0.2998   2288     24.9141
   1838      1.7397     28.7633     -1.0595      5.9278      0.2998   2288     24.8507
   1839      1.7539     28.1285     -1.0657      6.0146      0.2998   2288     24.7869
   1840      1.7673     27.5267     -1.0721      6.1075      0.2998   2288     24.7226
   1841      1.7788     26.9552     -1.0785      6.1914      0.2998   2288     24.6579
   1842      1.7888     26.4119     -1.0851      6.2705      0.2998   2288     24.5928
   1843      1.7942     25.8945     -1.0917      6.3541      0.2998   2288     24.5272
   1844      1.8035     25.3992     -1.0985      6.4425      0.2998   2288     24.4611
   1845      1.8095     24.9251     -1.1054      6.5338      0.2998   2288     24.3946
   1846      1.8127     29.7366     -1.1124      6.6240      0.2998   2288     24.3276
   1847      1.8212     29.1014     -1.1194      6.7219      0.2998   2288     24.2602
   1848      1.8248    200.0000     10.5662      6.8422      0.0289    280     43.0549
   1849      1.8287    200.0000     10.2175      6.9395      0.0289    280     43.5726
   1850      1.8325    200.0000      9.8946      7.0344      0.0289    280     44.0721
   1851      1.8357    200.0000      9.5919      7.1623      0.0289    280     44.5548
   1852      1.8399    200.0000      9.3095      7.2139      0.0587    366     45.0217
   1853      1.8417    200.0000      9.0155      7.2102      0.0989    481     45.4725
   1854      1.8407    200.0000      8.7294      7.2064      0.1383    592     45.9078
   1855      1.8392    200.0000      8.4412      7.2023      0.1770    699     46.3275
   1856      1.8403    200.0000      8.1847      7.1987      0.2148    802     46.7333
   1857      1.8405    200.0000      7.9498      7.1954      0.2519    901     47.1265
   1858      1.8404    200.0000      7.7297      7.1922      0.2883    997     47.5079
   1859      1.8396    200.0000      7.5145      7.1890      0.3242   1090     47.8777
   1860      1.8404    200.0000      7.3199      7.1862      0.3594   1180     48.2372
   1861      1.8407    200.0000      7.1194      7.1831      0.3940   1267     48.5860
   1862      1.8408    200.0000      6.9252      7.1799      0.4279   1351     48.9246
   1863      1.8402    200.0000      6.7487      7.1771      0.4613   1433     49.2539
   1864      1.8391    200.0000      6.5772      7.1743      0.4941   1512     49.5742
   1865      1.8394    200.0000      6.4254      7.1719      0.5264   1589     49.8865
   1866      1.8428    200.0000      6.2927      7.1699      0.5581   1664     50.1918
   1867      1.8386    200.0000      6.1241      7.1669      0.5895   1737     50.4884
   1868      1.8382    200.0000      5.9726      7.1642      0.6203   1808     50.7771
   1869      1.8400    200.0000      5.8357      7.1619      0.6505   1876     51.0588
   1870      1.8391    200.0000      5.7096      7.1597      0.6802   1943     51.3339
   1871      1.8387    200.0000      5.5857      7.1575      0.7095   2008     51.6026
   1872      1.8386    200.0000      5.4669      7.1554      0.7384   2071     51.8652
   1873      1.8381    200.0000      5.3523      7.1533      0.7669   2132     52.1219
   1874      1.8394    200.0000      5.2455      7.1514      0.7949   2192     52.3731
   1875      1.8386    200.0000      5.1280      7.1491      0.8226   2250     52.6183
   1876      1.8391    200.0000      5.0167      7.1470      0.8497   2307     52.8579
   1877      1.8381    200.0000      4.9148      7.1450      0.8765   2362     53.0923
   1878      1.8401    200.0000      4.8292      7.1434      0.9029   2416     53.3223
   1879      1.8402    200.0000      4.7357      7.1416      0.9290   2469     53.5475
   1880      1.8386    200.0000      4.6418      7.1398      0.9547   2520     53.7681
   1881      1.8389    200.0000      4.5575      7.1381      0.9800   2570     53.9843
   1882      1.8390    200.0000      4.4697      7.1364      1.0050   2619     54.1962
   1883      1.8381    200.0000      4.3730      7.1343      1.0297   2667     54.4032
   1884      1.8392    200.0000      4.2921      7.1326      1.0539   2714     54.6061
   1885      1.8388    200.0000      4.2145      7.1310      1.0778   2760     54.8052
   1886      1.8396    200.0000      4.1456      7.1297      1.1014   2804     55.0008
   1887      1.8382    200.0000      4.0691      7.1280      1.1247   2848     55.1926
   1888      1.8386    200.0000      3.9994      7.1266      1.1477   2891     55.3809
   1889      1.8395    200.0000      3.9374      7.1253      1.1704   2933     55.5661
   1890      1.8376    200.0000      3.8636      7.1237      1.1928   2974     55.7476
   1891      1.8381    200.0000      3.8013      7.1223      1.2149   3014     55.9261
   1892      1.8387    200.0000      3.7403      7.1210      1.2368   3053     56.1015
   1893      1.8379    200.0000      3.6765      7.1196      1.2583   3091     56.2737
   1894      1.8386    200.0000      3.6163      7.1183      1.2796   3128     56.4430
   1895      1.8386    200.0000      3.5442      7.1166      1.3007   3165     56.6088
   1896      1.8369    200.0000      3.4645      7.1147      1.3214   3201     56.7707
   1897      1.8388    200.0000      3.4086      7.1134      1.3417   3236     56.9298
   1898      1.8380    200.0000      3.3513      7.1121      1.3617   3270     57.0862
   1899      1.8381    200.0000      3.3017      7.1109      1.3815   3303     57.2401
