        1800  1.1173288E-03   1.839378       8.169331      0.2962151    
  0.0000000E+00
        1801  4.4528358E-03   2.648016       10.06022      0.6401943    
  0.0000000E+00
        1802  9.8942276E-03   3.624438       10.26390      0.9723665    
  0.0000000E+00
        1803  1.7012671E-02   4.749366       10.22624       1.264356    
  0.0000000E+00
        1804  2.5529332E-02   6.012520       10.12348       1.514801    
  0.0000000E+00
        1805  3.5291232E-02   7.408132       10.01227       1.729172    
  0.0000000E+00
        1806  4.6214405E-02   8.932809       9.910144       1.913685    
  0.0000000E+00
        1807  5.8250912E-02   10.58447       9.821259       2.073756    
  0.0000000E+00
        1808  7.1372263E-02   12.36186       9.745791       2.213779    
  0.0000000E+00
        1809  8.5560702E-02   14.26416       9.682149       2.337242    
  0.0000000E+00
        1810  0.1008057       16.29086       9.628355       2.446901    
  0.0000000E+00
        1811  0.1171004       18.44166       9.583131       2.544954    
  0.0000000E+00
        1812  0.1344395       20.71646       9.545080       2.633161    
  0.0000000E+00
        1813  0.1528219       23.11514       9.512782       2.712947    
  0.0000000E+00
        1814  0.1722453       25.63780       9.485737       2.785475    
  0.0000000E+00
        1815  0.1927092       28.28431       9.462073       2.851698    
  0.0000000E+00
        1816  0.2142140       31.05504       9.442955       2.912420    
  0.0000000E+00
        1817  0.2367578       33.94975       9.425521       2.968298    
  0.0000000E+00
        1818  0.2603432       36.96861       9.410843       3.019898    
  0.0000000E+00
        1819  0.2849702       40.11140       9.397253       3.067694    
  0.0000000E+00
        1820  0.3106391       43.37928       9.388492       3.112108    
  0.0000000E+00
        1821  0.3373523       46.77173       9.379313       3.153482    
  0.0000000E+00
        1822  0.3651101       50.28885       9.371385       3.192121    
  0.0000000E+00
        1823  0.3939077       53.93034       9.363487       3.228286    
  0.0000000E+00
        1824  0.4237483       57.69616       9.356305       3.262207    
  0.0000000E+00
        1825  0.4546337       61.58661       9.350493       3.294090    
  0.0000000E+00
        1826  0.4865633       65.60136       9.344459       3.324111    
  0.0000000E+00
        1827  0.5195383       69.74167       9.341836       3.352439    
  0.0000000E+00
        1828  0.5535675       74.00849       9.341449       3.379219    
  0.0000000E+00
        1829  0.5886281       78.39812       9.333343       3.404552    
  0.0000000E+00
        1830  0.6247350       82.91194       9.328723       3.428562    
  0.0000000E+00
        1831  0.6618867       87.55058       9.325713       3.451352    
  0.0000000E+00
        1832  0.7000853       92.31409       9.323030       3.473014    
  0.0000000E+00
        1833  0.7393198       97.20215       9.320021       3.493629    
  0.0000000E+00
        1834  0.7796015       102.2142       9.316147       3.513267    
  0.0000000E+00
        1835  0.8209224       107.3494       9.311080       3.531996    
  0.0000000E+00
        1836  0.8632687       112.6066       9.304195       3.549872    
  0.0000000E+00
        1837  0.9066588       117.9961       9.315729       3.566987    
  0.0000000E+00
        1838  0.9510952       123.5018       9.299219       3.583338    
  0.0000000E+00
        1839  0.9965796       129.1280       9.291023       3.598989    
  0.0000000E+00
        1840   1.043087       134.8904       9.308547       3.614026    
  0.0000000E+00
        1841   1.090630       140.7721       9.298235       3.628441    
  0.0000000E+00
        1842   1.139216       146.7744       9.290844       3.642277    
  0.0000000E+00
        1843   1.188830       152.8985       9.285480       3.655568    
  0.0000000E+00
        1844   1.239463       159.1449       9.281456       3.668350    
  0.0000000E+00
        1845   1.291131       165.5142       9.278149       3.680652    
  0.0000000E+00
        1846   1.343827       172.0063       9.275228       3.692501    
  0.0000000E+00
        1847   1.397541       178.6281       9.281725       3.703933    
  0.0000000E+00
        1848   1.452283       185.3644       9.267539       3.714945    
  0.0000000E+00
        1849   1.508030       192.2215       9.262204       3.725569    
  0.0000000E+00
        1850   1.564801       199.1989       9.256721       3.735826    
  0.0000000E+00
        1851   1.607560       200.0000       9.141803       3.861956    
  0.0000000E+00
        1852   1.627275       200.0000       9.009928       4.003582    
  0.0000000E+00
        1853   1.645295       200.0000       8.734167       4.143308    
  0.0000000E+00
        1854   1.661853       200.0000       8.478939       4.281243    
  0.0000000E+00
        1855   1.677075       200.0000       8.242130       4.417491    
  0.0000000E+00
        1856   1.691200       200.0000       8.021534       4.552141    
  0.0000000E+00
        1857   1.704250       200.0000       7.815421       4.685276    
  0.0000000E+00
        1858   1.716195       200.0000       7.622540       4.816975    
  0.0000000E+00
        1859   1.727414       200.0000       7.441223       4.947300    
  0.0000000E+00
        1860   1.736315       200.0000       7.247448       5.000015    
  1.5180805E-02
        1861   1.737105       200.0000       6.890416       5.000014    
  3.9940469E-02
        1862   1.737105       200.0000       6.661057       5.000014    
  6.4159825E-02
        1863   1.737105       200.0000       6.402314       5.000014    
  8.7700993E-02
        1864   1.737105       200.0000       6.281435       5.000013    
  0.1110480    
        1865   1.737105       200.0000       6.166160       5.000014    
  0.1342077    
        1866   1.737105       200.0000       6.056190       5.000012    
  0.1571867    
        1867   1.737105       200.0000       5.951166       5.000012    
  0.1799919    
        1868   1.737105       200.0000       5.850613       5.000012    
  0.2026288    
        1869   1.737105       200.0000       5.439579       5.000013    
  0.2238682    
        1870   1.737105       200.0000       5.292058       5.000012    
  0.2447098    
        1871   1.737105       200.0000       5.214453       5.000010    
  0.2654180    
        1872   1.737105       200.0000       5.139828       5.000010    
  0.2859970    
        1873   1.737105       200.0000       5.067766       5.000012    
  0.3064503    
        1874   1.737105       200.0000       4.998326       5.000012    
  0.3267810    
        1875   1.737105       200.0000       4.931152       5.000010    
  0.3469925    
        1876   1.737105       200.0000       4.630029       5.000011    
  0.3661089    
        1877   1.737105       200.0000       4.465342       5.000010    
  0.3846728    
        1878   1.737105       200.0000       4.412889       5.000010    
  0.4031419    
        1879   1.737105       200.0000       4.361928       5.000010    
  0.4215178    
        1880   1.737105       200.0000       4.312515       5.000012    
  0.4398032    
        1881   1.737105       200.0000       4.264355       5.000010    
  0.4579991    
        1882   1.737105       200.0000       4.217684       5.000010    
  0.4761083    
        1883   1.737105       200.0000       4.172266       5.000010    
  0.4941325    
        1884   1.737105       200.0000       3.814638       5.000008    
  0.5107074    
        1885   1.737105       200.0000       3.775358       5.000010    
  0.5272019    
        1886   1.737105       200.0000       3.739536       5.000010    
  0.5436280    
        1887   1.737105       200.0000       3.704548       5.000010    
  0.5599871    
        1888   1.737105       200.0000       3.670454       5.000010    
  0.5762805    
        1889   1.737105       200.0000       3.637075       5.000009    
  0.5925094    
        1890   1.737105       200.0000       3.604531       5.000008    
  0.6086749    
        1891   1.737105       200.0000       3.572643       5.000008    
  0.6247783    
        1892   1.737105       200.0000       3.347993       5.000007    
  0.6399416    
        1893   1.737105       200.0000       3.221214       5.000008    
  0.6545973    
        1894   1.737105       200.0000       3.196061       5.000008    
  0.6692030    
        1895   1.737105       200.0000       3.171504       5.000008    
  0.6837598    
        1896   1.737105       200.0000       3.147364       5.000008    
  0.6982684    
        1897   1.737105       200.0000       3.123701       5.000009    
  0.7127297    
        1898   1.737105       200.0000       3.100514       5.000007    
  0.7271439    
        1899   1.737105       200.0000       2.902269       5.000007    
  0.7406913    
        1900   1.737105       200.0000       2.779722       5.000008    
  0.7537163    
        1901   1.737105       200.0000       2.761543       5.000008    
  0.7667042    
        1902   1.737105       200.0000       2.743602       5.000006    
  0.7796551    
        1903   1.737105       200.0000       2.726078       5.000007    
  0.7925703    
        1904   1.737105       200.0000       2.708793       5.000007    
  0.8054497    
        1905   1.737105       200.0000       2.691805       5.000008    
  0.8182939    
        1906   1.737105       200.0000       2.674997       5.000007    
  0.8311033    
        1907   1.737105       200.0000       2.658546       5.000008    
  0.8438784    
        1908   1.737105       200.0000       2.642334       5.000007    
  0.8566194    
        1909   1.737105       200.0000       2.626359       5.000006    
  0.8693269    
        1910   1.737105       200.0000       2.610624       5.000008    
  0.8820014    
        1911   1.737105       200.0000       2.595127       5.000007    
  0.8946430    
        1912   1.737105       200.0000       2.579927       5.000008    
  0.9072524    
        1913   1.737105       200.0000       2.564847       5.000007    
  0.9198297    
        1914   1.737105       200.0000       2.550066       5.000008    
  0.9323756    
        1915   1.737105       200.0000       2.535462       5.000007    
  0.9448900    
        1916   1.737105       200.0000       2.339363       5.000006    
  0.9564722    
        1917   1.737105       200.0000       2.007484       5.000005    
  0.9664387    
        1918   1.737105       200.0000       1.998484       5.000006    
  0.9763859    
        1919   1.737105       200.0000       1.989663       5.000005    
  0.9863138    
        1920   1.737105       200.0000       1.980901       5.000006    
  0.9962230    
        1921   1.737105       200.0000       1.972198       5.000006    
   1.006113    
        1922   1.737105       200.0000       1.963675       5.000006    
   1.015985    
        1923   1.737105       200.0000       1.955152       5.000005    
   1.025837    
        1924   1.737105       200.0000       1.946807       5.000006    
   1.035672    
        1925   1.737105       200.0000       1.938462       5.000004    
   1.045488    
        1926   1.737105       200.0000       1.930296       5.000006    
   1.055286    
        1927   1.737105       200.0000       1.922190       5.000006    
   1.065067    
        1928   1.737105       200.0000       1.914144       5.000005    
   1.074829    
        1929   1.737105       200.0000       1.906157       5.000005    
   1.084574    
        1930   1.737105       200.0000       1.898408       5.000006    
   1.094301    
        1931   1.737105       200.0000       1.890540       5.000004    
   1.104011    
        1932   1.737105       200.0000       1.882851       5.000005    
   1.113704    
        1933   1.737105       200.0000       1.875281       5.000006    
   1.123380    
        1934   1.737105       200.0000       1.867712       5.000005    
   1.133039    
        1935   1.737105       200.0000       1.860261       5.000005    
   1.142681    
        1936   1.737105       200.0000       1.852930       5.000007    
   1.152306    
        1937   1.737105       200.0000       1.845539       5.000007    
   1.161915    
        1938   1.737105       200.0000       1.838326       5.000006    
   1.171507    
        1939   1.737105       200.0000       1.831174       5.000007    
   1.181084    
        1940   1.737105       200.0000       1.824081       5.000006    
   1.190644    
        1941   1.737105       200.0000       1.653075       5.000005    
   1.199326    
        1942   1.737105       200.0000       1.358747       5.000005    
   1.206475    
        1943   1.737105       200.0000       1.354814       5.000005    
   1.213614    
        1944   1.737105       200.0000       1.350880       5.000002    
   1.220745    
        1945   1.737105       200.0000       1.347125       5.000004    
   1.227867    
        1946   1.737105       200.0000       1.343369       5.000005    
   1.234981    
        1947   1.737105       200.0000       1.339495       5.000004    
   1.242085    
        1948   1.737105       200.0000       1.335859       5.000002    
   1.249181    
        1949   1.737105       200.0000       1.332104       5.000004    
   1.256269    
        1950   1.737105       200.0000       1.328349       5.000005    
   1.263348    
        1951   1.737105       200.0000       1.324713       5.000005    
   1.270418    
        1952   1.737105       200.0000       1.321077       5.000002    
   1.277480    
        1953   1.737105       200.0000       1.317441       5.000004    
   1.284533    
        1954   1.737105       200.0000       1.313865       5.000002    
   1.291578    
        1955   1.737105       200.0000       1.310349       5.000005    
   1.298616    
        1956   1.737105       200.0000       1.306772       5.000005    
   1.305644    
        1957   1.737105       200.0000       1.303256       5.000002    
   1.312665    
        1958   1.737105       200.0000       1.299739       5.000005    
   1.319677    
        1959   1.737105       200.0000       1.296282       5.000005    
   1.326681    
        1960   1.737105       200.0000       1.292884       5.000006    
   1.333677    
        1961   1.737105       200.0000       1.289368       5.000004    
   1.340664    
        1962   1.737105       200.0000       1.286030       5.000004    
   1.347644    
        1963   1.737105       200.0000       1.282692       5.000005    
   1.354616    
        1964   1.737105       200.0000       1.279294       5.000005    
   1.361580    
        1965   1.737105       200.0000       1.275957       5.000005    
   1.368536    
        1966   1.737105       200.0000       1.272619       5.000004    
   1.375484    
        1967   1.737105       200.0000       1.269400       5.000005    
   1.382425    
        1968   1.737105       200.0000       1.266122       5.000005    
   1.389358    
        1969   1.737105       200.0000       1.262844       5.000005    
   1.396283    
        1970   1.737105       200.0000       1.259625       5.000002    
   1.403200    
        1971   1.737105       200.0000       1.256406       5.000004    
   1.410109    
        1972   1.737105       200.0000       1.253307       5.000005    
   1.417011    
        1973   1.737105       200.0000       1.250088       5.000004    
   1.423906    
        1974   1.737105       200.0000       1.235247       5.000004    
   1.430728    
        1975   1.737105       200.0000      0.8295774       5.000004    
   1.435315    
        1976   1.737105       200.0000      0.8282065       5.000002    
   1.439899    
        1977   1.737105       200.0000      0.8268356       5.000004    
   1.444479    
        1978   1.737105       200.0000      0.8254647       5.000004    
   1.449057    
        1979   1.737105       200.0000      0.8240938       5.000005    
   1.453631    
        1980   1.737105       200.0000      0.8227229       5.000002    
   1.458201    
        1981   1.737105       200.0000      0.8214116       5.000001    
   1.462769    
        1982   1.737105       200.0000      0.8200407       5.000001    
   1.467333    
        1983   1.737105       200.0000      0.8187294       5.000001    
   1.471894    
        1984   1.737105       200.0000      0.8173585       5.000001    
   1.476451    
        1985   1.737105       200.0000      0.8161068       5.000004    
   1.481006    
        1986   1.737105       200.0000      0.8146763       5.000001    
   1.485557    
        1987   1.737105       200.0000      0.8134246       5.000004    
   1.490105    
        1988   1.737105       200.0000      0.8121133       5.000004    
   1.494650    
        1989   1.737105       200.0000      0.8107424       5.000001    
   1.499191    
        1990   1.737105       200.0000      0.8094907       5.000002    
   1.503730    
        1991   1.737105       200.0000      0.8081794       5.000002    
   1.508265    
        1992   1.737105       200.0000      0.8069277       5.000004    
   1.512798    
        1993   1.737105       200.0000      0.8056164       5.000004    
   1.517327    
        1994   1.737105       200.0000      0.8043051       5.000002    
   1.521852    
        1995   1.737105       200.0000      0.8030534       5.000005    
   1.526375    
        1996   1.737105       200.0000      0.8018017       5.000004    
   1.530895    
        1997   1.737105       200.0000      0.8004904       5.000002    
   1.535411    
        1998   1.737105       200.0000      0.7992983       5.000002    
   1.539925    
        1999   1.737105       200.0000      0.7979870       5.000004    
   1.544435    
