        2000
        2000
        2000
        2000
        2000
        2000
        2000
        2000
        2000
        1383
        1359
         815
         796
         796
         779
         779
         771
         771
         750
         750
         742
         742
         735
         735
         735
         735
         730
         730
         711
         711
         711
         489
         456
         456
         413
         413
         393
         393
         363
         137
         112
         112
          52
          52
          43
          43
          43
          43
          41
          41
          41
          41
          41
          41
          35
          35
           9
           9
           7
           7
           7
           7
           7
           7
           7
           7
           7
           7
           7
           7
           7
           7
           7
           7
           7
           7
           7
           7
           7
           7
           7
           7
           7
           7
           7
           7
           7
           7
           7
           7
           7
           7
           7
           7
           7
           7
           7
           7
           7
           1
           1
           1
           1
           1
           1
           1
           1
           1
           1
           1
           1
           1
           1
           1
           1
           1
           1
           1
           1
           1
           1
           1
           1
           1
           1
           1
           1
           1
           1
           1
           1
           1
           1
           1
           1
           1
           1
           1
           1
           1
           1
           1
           1
           1
           1
           1
           1
           1
           1
           1
           1
           1
           1
           1
           1
           1
           1
           1
           1
           1
           1
           1
           1
           1
           1
           1
           1
           1
           1
           1
           1
           1
           1
           1
           1
           1
           1
           1
           1
           1
           1
           1
           1
           1
           1
           1
           1
           1
           1
           1
           1
           1
           1
           1
           1
           1
           1
           1
           1
           1
