 1800      2000  200      2000   200.0
 1801      2000  200      2000   200.0
 1802      2000  200      2000   200.0
 1803      2000  200      2000   200.0
 1804      2000  200      2000   200.0
 1805       443  200      2000   200.0
 1806       118  200      2000   200.0
 1807        51  200      2000   200.0
 1808        41  200      2000   200.0
 1809        38  200      2000   200.0
 1810        37  200      2000   200.0
 1811        37  200      2000   200.0
 1812        37  200      2000   200.0
 1813        37  200      2000   200.0
 1814        37  200      2000   200.0
 1815        37  200      2000   200.0
 1816        37  200      2000   200.0
 1817        37  200      2000   200.0
 1818        37  200      2000   200.0
 1819        37  200      2000   200.0
 1820        37  200      2000   200.0
 1821        37  200      2000   200.0
 1822        37  200      2000   200.0
 1823        37  200      2000   200.0
 1824        37  200      2000   200.0
 1825        37  200      2000   200.0
 1826        37  200      2000   200.0
 1827        37  200      2000   200.0
 1828        37  200      2000   200.0
 1829        37  200      2000   200.0
 1830        37  200      2000   200.0
 1831        37  200      2000   200.0
 1832        37  200      2000   200.0
 1833        37  200      2000   200.0
 1834        37  200      2000   200.0
 1835        37  200      2000   200.0
 1836        37  200      2000   200.0
 1837        37  200      2000   200.0
 1838        37  200      2000   200.0
 1839        37  200      2000   200.0
 1840        37  200      2000   200.0
 1841        37  200      2000   200.0
 1842        37  200      2000   200.0
 1843        37  200      2000   200.0
 1844        37  200      2000   200.0
 1845        37  200      2000   200.0
 1846        26  200      2000   200.0
 1847         1  200      2000   200.0
 1848         0  200      2000   200.0
 1849         0  200      2000   200.0
 1850         0  200      2000   200.0
 1851         0  200      2000   200.0
 1852         0  200      2000   200.0
 1853         0  200      2000   200.0
 1854         0  200      2000   200.0
 1855         0  200      2000   200.0
 1856         0  200      2000   200.0
 1857         0  200      2000   200.0
 1858         0  200      2000   200.0
 1859         0  200      2000   200.0
 1860         0  200      2000   200.0
 1861         0  200      2000   200.0
 1862         0  200      2000   200.0
 1863         0  200      2000   200.0
 1864         0  200      2000   200.0
 1865         0  200      2000   200.0
 1866         0  200      2000   200.0
 1867         0  200      2000   200.0
 1868         0  200      2000   200.0
 1869         0  200      2000   200.0
 1870         0  200      2000   200.0
 1871         0  200      2000   200.0
 1872         0  200      2000   200.0
 1873         0  200      2000   200.0
 1874         0  200      2000   200.0
 1875         0  200      2000   200.0
 1876         0  200      2000   200.0
 1877         0  200      2000   200.0
 1878         0  200      2000   200.0
 1879         0  200      2000   200.0
 1880         0  200      2000   200.0
 1881         0  200      2000   200.0
 1882         0  200      2000   200.0
 1883         0  200      2000   200.0
 1884         0  200      2000   200.0
 1885         0  200      2000   200.0
 1886         0  200      2000   200.0
 1887         0  200      2000   200.0
 1888         0  200      2000   200.0
 1889         0  200      2000   200.0
 1890         0  200      2000   200.0
 1891         0  200      2000   200.0
 1892         0  200      2000   200.0
 1893         0  200      2000   200.0
 1894         0  200      2000   200.0
 1895         0  200      2000   200.0
 1896         0  200      2000   200.0
 1897         0  200      2000   200.0
 1898         0  200      2000   200.0
 1899         0  200      2000   200.0
 1900         0  200      2000   200.0
 1901         0  200      2000   200.0
 1902         0  200      2000   200.0
 1903         0  200      2000   200.0
 1904         0  200      2000   200.0
 1905         0  200      2000   200.0
 1906         0  200      2000   200.0
 1907         0  200      2000   200.0
 1908         0  200      2000   200.0
 1909         0  200      2000   200.0
 1910         0  200      2000   200.0
 1911         0  200      2000   200.0
 1912         0  200      2000   200.0
 1913         0  200      2000   200.0
 1914         0  200      2000   200.0
 1915         0  200      2000   200.0
 1916         0  200      2000   200.0
 1917         0  200      2000   200.0
 1918         0  200      2000   200.0
 1919         0  200      2000   200.0
 1920         0  200      2000   200.0
 1921         0  200      2000   200.0
 1922         0  200      2000   200.0
 1923         0  200      2000   200.0
 1924         0  200      2000   200.0
 1925         0  200      2000   200.0
 1926         0  200      2000   200.0
 1927         0  200      2000   200.0
 1928         0  200      2000   200.0
 1929         0  200      2000   200.0
 1930         0  200      2000   200.0
 1931         0  200      2000   200.0
 1932         0  200      2000   200.0
 1933         0  200      2000   200.0
 1934         0  200      2000   200.0
 1935         0  200      2000   200.0
 1936         0  200      2000   200.0
 1937         0  200      2000   200.0
 1938         0  200      2000   200.0
 1939         0  200      2000   200.0
 1940         0  200      2000   200.0
 1941         0  200      2000   200.0
 1942         0  200      2000   200.0
 1943         0  200      2000   200.0
 1944         0  200      2000   200.0
 1945         0  200      2000   200.0
 1946         0  200      2000   200.0
 1947         0  200      2000   200.0
 1948         0  200      2000   200.0
 1949         0  200      2000   200.0
 1950         0  200      2000   200.0
 1951         0  200      2000   200.0
 1952         0  200      2000   200.0
 1953         0  200      2000   200.0
 1954         0  200      2000   200.0
 1955         0  200      2000   200.0
 1956         0  200      2000   200.0
 1957         0  200      2000   200.0
 1958         0  200      2000   200.0
 1959         0  200      2000   200.0
 1960         0  200      2000   200.0
 1961         0  200      2000   200.0
 1962         0  200      2000   200.0
 1963         0  200      2000   200.0
 1964         0  200      2000   200.0
 1965         0  200      2000   200.0
 1966         0  200      2000   200.0
 1967         0  200      2000   200.0
 1968         0  200      2000   200.0
 1969         0  200      2000   200.0
 1970         0  200      2000   200.0
 1971         0  200      2000   200.0
 1972         0  200      2000   200.0
 1973         0  200      2000   200.0
 1974         0  200      2000   200.0
 1975         0  200      2000   200.0
 1976         0  200      2000   200.0
 1977         0  200      2000   200.0
 1978         0  200      2000   200.0
 1979         0  200      2000   200.0
 1980         0  200      2000   200.0
 1981         0  200      2000   200.0
 1982         0  200      2000   200.0
 1983         0  200      2000   200.0
 1984         0  200      2000   200.0
 1985         0  200      2000   200.0
 1986         0  200      2000   200.0
 1987         0  200      2000   200.0
 1988         0  200      2000   200.0
 1989         0  200      2000   200.0
 1990         0  200      2000   200.0
 1991         0  200      2000   200.0
 1992         0  200      2000   200.0
 1993         0  200      2000   200.0
 1994         0  200      2000   200.0
 1995         0  200      2000   200.0
 1996         0  200      2000   200.0
 1997         0  200      2000   200.0
 1998         0  200      2000   200.0
 1999         0  200      2000   200.0
