DTSRC =    3600.00  s
NITR  =          2  n
NYRS  =        200  y
IHRI  =          0 hr
        2000
        2000
        2000
        2000
        2000
        2000
        2000
        2000
        2000
        2000
        2000
        2000
        2000
        2000
        2000
        2000
        2000
        2000
        2000
        2000
        2000
        2000
        2000
        2000
        2000
        2000
        2000
        2000
        2000
        2000
        2000
        2000
        2000
        2000
        2000
        2000
        2000
        2000
        2000
        2000
        2000
        2000
        1991
        1991
        1991
        1910
        1366
         902
         855
         777
         773
         720
         653
         589
         554
         548
         548
          15
          15
          15
           5
           5
           5
           5
           5
           5
           5
           5
           5
           5
           5
           5
           5
           5
           5
           5
           5
           5
           5
           5
           5
           5
           5
           5
           5
           5
           5
           5
           5
           5
           5
           5
           5
           5
           5
           5
           5
           5
           5
           5
           5
           5
           5
           5
           5
           5
           5
           5
           5
           5
           5
           5
           5
           5
           5
           5
           5
           5
           5
           5
           5
           5
           5
           5
           5
           5
           5
           5
           5
           5
           5
           5
           5
           5
           5
           5
           5
           5
           5
           5
           5
           5
           5
           5
           5
           5
           5
           5
           5
           4
           4
           4
           4
           4
           4
           4
           4
           4
           4
           4
           4
           4
           4
           4
           4
           4
           4
           4
           4
           4
           4
           4
           4
           4
           4
           4
           4
           4
           4
           4
           4
           4
           4
           4
           4
           4
           4
           4
           4
           4
           4
           4
           4
           4
           4
           4
           4
           4
           4
           4
