 5
         200
        1800   1.11732876E-03   1.83937824       8.16933060      0.296215117    
        1801   4.45283577E-03   2.64801598       10.0602179      0.640194297    
        1802   9.89422761E-03   3.62443829       10.2639027      0.972366512    
        1803   1.70126706E-02   4.74936628       10.2262383       1.26435590    
        1804   2.55293325E-02   6.01252031       10.1234837       1.51480114    
        1805   3.52912322E-02   7.40813160       10.0122728       1.72917151    
        1806   4.62144054E-02   8.93280888       9.91014385       1.91368508    
        1807   5.82509115E-02   10.5844698       9.82125854       2.07375622    
        1808   7.13722631E-02   12.3618555       9.74579144       2.21377945    
        1809   8.55607018E-02   14.2641649       9.68214893       2.33724213    
        1810  0.100805663       16.2908573       9.62835503       2.44690132    
        1811  0.117100351       18.4416637       9.58313084       2.54495406    
        1812  0.134439468       20.7164555       9.54508018       2.63316131    
        1813  0.152821943       23.1151352       9.51278210       2.71294665    
        1814  0.172245309       25.6378002       9.48573685       2.78547502    
        1815  0.192709193       28.2843094       9.46207333       2.85169816    
        1816  0.214214012       31.0550385       9.44295502       2.91242027    
        1817  0.236757800       33.9497490       9.42552090       2.96829844    
        1818  0.260343164       36.9686127       9.41084290       3.01989841    
        1819  0.284970164       40.1114006       9.39725304       3.06769419    
        1820  0.310639054       43.3792763       9.38849163       3.11210799    
        1821  0.337352276       46.7717285       9.37931252       3.15348196    
        1822  0.365110129       50.2888489       9.37138462       3.19212127    
        1823  0.393907666       53.9303398       9.36348724       3.22828555    
        1824  0.423748344       57.6961632       9.35630512       3.26220679    
        1825  0.454633743       61.5866127       9.35049343       3.29408956    
        1826  0.486563295       65.6013565       9.34445858       3.32411098    
        1827  0.519538343       69.7416687       9.34183598       3.35243940    
        1828  0.553567529       74.0084915       9.34144878       3.37921906    
        1829  0.588628113       78.3981247       9.33334255       3.40455246    
        1830  0.624734998       82.9119415       9.32872295       3.42856169    
        1831  0.661886692       87.5505829       9.32571316       3.45135188    
        1832  0.700085282       92.3140869       9.32303047       3.47301364    
        1833  0.739319801       97.2021484       9.32002068       3.49362850    
        1834  0.779601455       102.214218       9.31614685       3.51326728    
        1835  0.820922375       107.349442       9.31107998       3.53199601    
        1836  0.863268673       112.606590       9.30419540       3.54987192    
        1837  0.906658828       117.996147       9.31572914       3.56698680    
        1838  0.951095164       123.501801       9.29921913       3.58333826    
        1839  0.996579587       129.127991       9.29102325       3.59898925    
        1840   1.04308701       134.890427       9.30854702       3.61402631    
        1841   1.09063029       140.772079       9.29823494       3.62844110    
        1842   1.13921571       146.774384       9.29084396       3.64227653    
        1843   1.18883038       152.898468       9.28547955       3.65556788    
        1844   1.23946333       159.144943       9.28145599       3.66835046    
        1845   1.29113054       165.514191       9.27814865       3.68065238    
        1846   1.34382737       172.006348       9.27522755       3.69250107    
        1847   1.39754117       178.628067       9.28172493       3.70393276    
        1848   1.45228279       185.364426       9.26753902       3.71494460    
        1849   1.50803030       192.221497       9.26220417       3.72556901    
        1850   1.56480122       199.198944       9.25672054       3.73582625    
        1851   1.60756004       200.000000       9.14180279       3.86195564    
        1852   1.62727475       200.000000       9.00992775       4.00358200    
        1853   1.64529479       200.000000       8.73416710       4.14330769    
        1854   1.66185319       200.000000       8.47893906       4.28124285    
        1855   1.67707491       200.000000       8.24213028       4.41749096    
        1856   1.69120049       200.000000       8.02153397       4.55214119    
        1857   1.70425010       200.000000       7.81542063       4.68527603    
        1858   1.71619511       200.000000       7.62254000       4.81697464    
        1859   1.72741389       200.000000       7.44122267       4.94729996    
        1860   1.73558509       200.000000       7.23242760       4.97862482    
        1861   1.73570824       200.000000       6.89077377       4.98357821    
        1862   1.73526704       200.000000       6.62833452       4.98615503    
        1863   1.73500860       200.000000       6.40320778       4.96152067    
        1864   1.73465323       200.000000       6.28226995       4.96983337    
        1865   1.73446476       200.000000       6.16699457       4.96636534    
        1866   1.73438203       200.000000       6.05696440       4.95116663    
        1867   1.73436046       200.000000       5.95194101       4.99609804    
        1868   1.73355830       200.000000       5.79237938       4.96183157    
        1869   1.73416305       200.000000       5.37520647       4.98952389    
        1870   1.73367512       200.000000       5.29450178       4.93115807    
        1871   1.73321950       200.000000       5.21689653       4.94939518    
        1872   1.73342538       200.000000       5.14203310       4.96427822    
        1873   1.73338485       200.000000       5.06997108       4.97582626    
        1874   1.73337889       200.000000       5.00041246       4.98406172    
        1875   1.73321879       200.000000       4.93329763       4.98901510    
        1876   1.73283744       200.000000       4.56041098       4.98433542    
        1877   1.73258591       200.000000       4.46802378       4.97573566    
        1878   1.73249137       200.000000       4.41545248       4.96380806    
        1879   1.73247313       200.000000       4.36443090       4.94888258    
        1880   1.73267043       200.000000       4.31483984       4.93088055    
        1881   1.73280799       200.000000       4.26673889       4.90950918    
        1882   1.73323417       200.000000       4.21994925       4.88510847    
        1883   1.73125005       200.000000       4.07087803       4.97300673    
        1884   1.73167050       200.000000       3.81505489       4.93826485    
        1885   1.73276639       200.000000       3.77833843       4.90053415    
        1886   1.73228490       200.000000       3.74239683       4.98269224    
        1887   1.73097122       200.000000       3.70734930       4.94162893    
        1888   1.73256373       200.000000       3.67319584       4.89757633    
        1889   1.73202765       200.000000       3.63975763       4.97874641    
        1890   1.73088384       200.000000       3.60715389       4.93139076    
        1891   1.73306859       200.000000       3.53127718       4.87993383    
        1892   1.73026216       200.000000       3.25024128       4.95349789    
        1893   1.73219156       200.000000       3.22455168       4.89330292    
        1894   1.73124933       200.000000       3.19939852       4.96636581    
        1895   1.73123789       200.000000       3.17472219       4.90305662    
        1896   1.73211825       200.000000       3.15058231       4.97563219    
        1897   1.73044622       200.000000       3.12680006       4.90923166    
        1898   1.73252416       200.000000       3.10361385       4.98133516    
        1899   1.72989106       200.000000       2.94226408       4.91031265    
        1900   1.73234046       200.000000       2.78210640       4.97546244    
        1901   1.73050928       200.000000       2.76392698       4.90021467    
        1902   1.73148036       200.000000       2.74604559       4.96499586    
        1903   1.73155022       200.000000       2.72840261       4.89124107    
        1904   1.73078585       200.000000       2.71105766       4.95566177    
        1905   1.73251021       200.000000       2.69401073       4.88330221    
        1906   1.73013377       200.000000       2.67720222       4.94737148    
        1907   1.73332047       200.000000       2.66075134       4.87631702    
        1908   1.72951424       200.000000       2.64447927       4.94004488    
        1909   1.73399711       200.000000       2.62844563       4.87021255    
        1910   1.72903347       200.000000       2.61271000       4.93360710    
        1911   1.73412824       200.000000       2.59721279       4.99683809    
        1912   1.72911143       200.000000       2.58189440       4.92799854    
        1913   1.73363304       200.000000       2.56687403       4.99090624    
        1914   1.72972322       200.000000       2.55197287       4.92315435    
        1915   1.73325741       200.000000       2.53748894       4.98574972    
        1916   1.73000968       200.000000       2.13444233       4.90940237    
        1917   1.73168898       200.000000       2.00992823       4.95926189    
        1918   1.73371232       200.000000       2.00092793       4.88182449    
        1919   1.72942936       200.000000       1.99204683       4.93149042    
        1920   1.73340034       200.000000       1.98322535       4.98106098    
        1921   1.73128057       200.000000       1.97452307       4.90781736    
        1922   1.73152351       200.000000       1.96594000       4.95719862    
        1923   1.73403394       200.000000       1.95741653       4.88703442    
        1924   1.72989142       200.000000       1.94907188       4.93623209    
        1925   1.73380780       200.000000       1.94072723       4.98533773    
        1926   1.73104060       200.000000       1.93244219       4.91764498    
        1927   1.73231208       200.000000       1.92433596       4.96656942    
        1928   1.73322475       200.000000       1.91634893       4.89965248    
        1929   1.73077500       200.000000       1.90830231       4.94839954    
        1930   1.73460352       200.000000       1.90043449       4.99705982    
        1931   1.72997570       200.000000       1.89268589       4.93079758    
        1932   1.73329175       200.000000       1.88493729       4.97928476    
        1933   1.73203814       200.000000       1.87724829       4.91373396    
        1934   1.73201597       200.000000       1.86973810       4.96205091    
        1935   1.73375821       200.000000       1.86228752       4.89718676    
        1936   1.73051310       200.000000       1.85483694       4.94533539    
        1937   1.73445845       200.000000       1.84750557       4.99340200    
        1938   1.73061931       200.000000       1.84029341       4.93025303    
        1939   1.73321605       200.000000       1.83314085       4.97815752    
        1940   1.73247445       200.000000       1.82592869       4.92190409    
        1941   1.73225570       200.000000       1.36870146       4.95781851    
        1942   1.73483813       200.000000       1.36089325       4.99358559    
        1943   1.73100877       200.000000       1.35701895       4.92591238    
        1944   1.73254132       200.000000       1.35308504       4.96159172    
        1945   1.73504543       200.000000       1.34932995       4.99722672    
        1946   1.73061204       200.000000       1.34551525       4.93007660    
        1947   1.73268342       200.000000       1.34170055       4.96562481    
        1948   1.73520947       200.000000       1.33788586       4.89902258    
        1949   1.73038948       200.000000       1.33419037       4.93448353    
        1950   1.73290873       200.000000       1.33049488       4.96990347    
        1951   1.73460793       200.000000       1.32685900       4.90379095    
        1952   1.73058712       200.000000       1.32316351       4.93912554    
        1953   1.73337603       200.000000       1.31946802       4.97441673    
        1954   1.73405910       200.000000       1.31589174       4.90877914    
        1955   1.73083365       200.000000       1.31231546       4.94398642    
        1956   1.73381531       200.000000       1.30879879       4.97915316    
        1957   1.73334289       200.000000       1.30522251       4.91397572    
        1958   1.73139548       200.000000       1.30176544       4.94905996    
        1959   1.73439527       200.000000       1.29830837       4.98410511    
        1960   1.73288977       200.000000       1.29479170       4.92570591    
        1961   1.73251903       200.000000       1.29133463       4.96066761    
        1962   1.73497903       200.000000       1.28793716       4.99558878    
        1963   1.73150957       200.000000       1.28453970       4.93832779    
        1964   1.73325181       200.000000       1.28120184       4.97317028    
        1965   1.73426843       200.000000       1.27792358       4.91630077    
        1966   1.73159516       200.000000       1.27452612       4.95106363    
        1967   1.73455477       200.000000       1.27118826       4.98578691    
        1968   1.73291314       200.000000       1.26796961       4.92925453    
        1969   1.73266923       200.000000       1.26469135       4.96390152    
        1970   1.73520899       200.000000       1.26153231       4.99851179    
        1971   1.73107934       200.000000       1.25819445       4.94230938    
        1972   1.73365259       200.000000       1.25509501       4.97684193    
        1973   1.73399556       200.000000       1.25187635       4.92100334    
        1974   1.73206496       200.000000       1.12277269       4.95198059    
        1975   1.73390615       200.000000      0.831007957       4.97493458    
        1976   1.73550498       200.000000      0.829517841       4.99786806    
        1977   1.73129451       200.000000      0.828206539       4.93088341    
        1978   1.73265862       200.000000      0.826835632       4.95378542    
        1979   1.73417354       200.000000      0.825464725       4.97667265    
        1980   1.73572016       200.000000      0.824093819       4.99954176    
        1981   1.73092794       200.000000      0.822722912       4.93513632    
        1982   1.73274708       200.000000      0.821411610       4.95797348    
        1983   1.73478079       200.000000      0.820040703       4.98079491    
        1984   1.73528206       200.000000      0.818669796       4.92135048    
        1985   1.73123968       200.000000      0.817358494       4.94413853    
        1986   1.73328662       200.000000      0.816047192       4.96690989    
        1987   1.73509085       200.000000      0.814676285       4.98966455    
        1988   1.73356152       200.000000      0.813424587       4.93049908    
        1989   1.73257613       200.000000      0.812053680       4.95322275    
        1990   1.73406899       200.000000      0.810801983       4.97593212    
        1991   1.73560691       200.000000      0.809431076       4.99862242    
        1992   1.73149800       200.000000      0.808179379       4.93972921    
        1993   1.73294961       200.000000      0.806927681       4.96239185    
        1994   1.73486614       200.000000      0.805556774       4.98503590    
        1995   1.73475099       200.000000      0.804364681       4.92642641    
        1996   1.73189354       200.000000      0.802993774       4.94903946    
        1997   1.73347425       200.000000      0.801801682       4.97163773    
        1998   1.73538566       200.000000      0.800490379       4.99421978    
        1999   1.73247099       200.000000      0.799238682       4.93586874    
